[gd_scene load_steps=17 format=3 uid="uid://bxgbtmkdlq7jq"]

[ext_resource type="Texture2D" uid="uid://m2x0bgmgtgq8" path="res://assets/ground_texture.png" id="2_o8bpm"]
[ext_resource type="Script" uid="uid://bn4pdxl6grdng" path="res://portal.gd" id="3_la1tx"]
[ext_resource type="Script" uid="uid://cugp05iulcdq5" path="res://player.gd" id="5_oaunt"]

[sub_resource type="ProceduralSkyMaterial" id="ProceduralSkyMaterial_qcswp"]
sky_horizon_color = Color(0.66224277, 0.6717428, 0.6867428, 1)
ground_horizon_color = Color(0.66224277, 0.6717428, 0.6867428, 1)

[sub_resource type="Sky" id="Sky_d71dv"]
sky_material = SubResource("ProceduralSkyMaterial_qcswp")

[sub_resource type="Environment" id="Environment_isfck"]
background_mode = 2
sky = SubResource("Sky_d71dv")
tonemap_mode = 2
glow_enabled = true

[sub_resource type="StandardMaterial3D" id="StandardMaterial3D_d71dv"]
albedo_color = Color(1, 0, 0.1882353, 1)
albedo_texture = ExtResource("2_o8bpm")
uv1_triplanar = true

[sub_resource type="PlaneMesh" id="PlaneMesh_440fv"]
material = SubResource("StandardMaterial3D_d71dv")
size = Vector2(10, 20)

[sub_resource type="StandardMaterial3D" id="StandardMaterial3D_vgspm"]
albedo_color = Color(0, 0, 0, 1)

[sub_resource type="BoxMesh" id="BoxMesh_vgspm"]
material = SubResource("StandardMaterial3D_vgspm")

[sub_resource type="PlaneMesh" id="PlaneMesh_d71dv"]
size = Vector2(6, 4)

[sub_resource type="StandardMaterial3D" id="StandardMaterial3D_6hmyl"]
albedo_color = Color(0, 0, 0, 1)

[sub_resource type="StandardMaterial3D" id="StandardMaterial3D_a5wd7"]
albedo_color = Color(0, 0, 0, 1)

[sub_resource type="StandardMaterial3D" id="StandardMaterial3D_ytrao"]
albedo_color = Color(0, 0, 0.8980392, 1)
albedo_texture = ExtResource("2_o8bpm")
uv1_triplanar = true

[sub_resource type="PlaneMesh" id="PlaneMesh_atsf6"]
material = SubResource("StandardMaterial3D_ytrao")
size = Vector2(10, 20)

[sub_resource type="CapsuleShape3D" id="CapsuleShape3D_qcswp"]
radius = 0.106933594
height = 0.35162354

[node name="PortalPlayground" type="Node3D"]

[node name="WorldEnvironment" type="WorldEnvironment" parent="."]
environment = SubResource("Environment_isfck")

[node name="SunLight" type="DirectionalLight3D" parent="."]
transform = Transform3D(-0.8660254, -0.43301278, 0.25, 0, 0.49999997, 0.86602545, -0.50000006, 0.75, -0.43301266, 0, 0, 0)
shadow_enabled = true

[node name="PortalManager" type="Node3D" parent="."]

[node name="RedSide" type="Node3D" parent="."]

[node name="RedGround" type="MeshInstance3D" parent="RedSide"]
transform = Transform3D(1, 0, 0, 0, 1, 0, 0, 0, 1, -6, 0, 0)
mesh = SubResource("PlaneMesh_440fv")
skeleton = NodePath("../..")

[node name="RedBlocks" type="Node3D" parent="RedSide"]

[node name="Block" type="MeshInstance3D" parent="RedSide/RedBlocks"]
transform = Transform3D(0.75973684, 0, -0.6502307, 0, 1, 0, 0.6502307, 0, 0.75973684, -8.4520445, 0.5, 1.1466627)
mesh = SubResource("BoxMesh_vgspm")

[node name="Block2" type="MeshInstance3D" parent="RedSide/RedBlocks"]
transform = Transform3D(0.93524647, 0, -0.3539972, 0, 1, 0, 0.3539972, 0, 0.93524647, -3.9143963, 0.5, 7.0335207)
mesh = SubResource("BoxMesh_vgspm")

[node name="Block3" type="MeshInstance3D" parent="RedSide/RedBlocks"]
transform = Transform3D(0.93524647, 0, -0.3539972, 0, 1, 0, 0.3539972, 0, 0.93524647, -2.6713467, 0.5, 4.506667)
mesh = SubResource("BoxMesh_vgspm")

[node name="Block4" type="MeshInstance3D" parent="RedSide/RedBlocks"]
transform = Transform3D(0.93524647, 0, -0.3539972, 0, 1, 0, 0.3539972, 0, 0.93524647, -3.7553704, 0.5, -7.533536)
mesh = SubResource("BoxMesh_vgspm")

[node name="RedPortal" type="MeshInstance3D" parent="RedSide" node_paths=PackedStringArray("player_cam", "target_portal")]
transform = Transform3D(1, 0, 0, 0, 0, -1.0000001, 0, 1.0000001, 0, -6, 2, -4)
layers = 2
mesh = SubResource("PlaneMesh_d71dv")
skeleton = NodePath("../..")
script = ExtResource("3_la1tx")
player_cam = NodePath("../../Player/CameraPivot/PlayerCamera")
target_portal = NodePath("../../BlueSide/BluePortal")

[node name="RedPortalViewport" type="SubViewport" parent="RedSide/RedPortal"]
size = Vector2i(1920, 1080)

[node name="RedPortalCamera" type="Camera3D" parent="RedSide/RedPortal/RedPortalViewport"]
cull_mask = 1048573

[node name="PortalBorder" type="CSGCombiner3D" parent="RedSide/RedPortal"]

[node name="Outer" type="CSGBox3D" parent="RedSide/RedPortal/PortalBorder"]
size = Vector3(6, 0.2, 4)
material = SubResource("StandardMaterial3D_6hmyl")

[node name="Inner" type="CSGBox3D" parent="RedSide/RedPortal/PortalBorder"]
operation = 2
size = Vector3(5.6, 0.2, 3.6)
material = SubResource("StandardMaterial3D_a5wd7")

[node name="BlueSide" type="Node3D" parent="."]

[node name="BlueGround" type="MeshInstance3D" parent="BlueSide"]
transform = Transform3D(1, 0, 0, 0, 1, 0, 0, 0, 1, 6, 0, 0)
mesh = SubResource("PlaneMesh_atsf6")
skeleton = NodePath("../..")

[node name="BlueBlocks" type="Node3D" parent="BlueSide"]

[node name="Block" type="MeshInstance3D" parent="BlueSide/BlueBlocks"]
transform = Transform3D(0.75973684, 0, -0.6502307, 0, 1, 0, 0.6502307, 0, 0.75973684, 3.3590393, 0.5, 1.1466627)
mesh = SubResource("BoxMesh_vgspm")

[node name="Block2" type="MeshInstance3D" parent="BlueSide/BlueBlocks"]
transform = Transform3D(0.93524647, 0, -0.3539972, 0, 1, 0, 0.3539972, 0, 0.93524647, 4.0459037, 0.5, 2.915125)
mesh = SubResource("BoxMesh_vgspm")

[node name="Block3" type="MeshInstance3D" parent="BlueSide/BlueBlocks"]
transform = Transform3D(0.93524647, 0, -0.3539972, 0, 1, 0, 0.3539972, 0, 0.93524647, 6.2415814, 0.5, -1.9254112)
mesh = SubResource("BoxMesh_vgspm")

[node name="Block4" type="MeshInstance3D" parent="BlueSide/BlueBlocks"]
transform = Transform3D(0.93524647, 0, -0.3539972, 0, 1, 0, 0.3539972, 0, 0.93524647, 3.476845, 0.5, -7.533536)
mesh = SubResource("BoxMesh_vgspm")

[node name="Block5" type="MeshInstance3D" parent="BlueSide/BlueBlocks"]
transform = Transform3D(0.93524647, 0, -0.3539972, 0, 1, 0, 0.3539972, 0, 0.93524647, 3.346, 1.5, -7.778)
mesh = SubResource("BoxMesh_vgspm")

[node name="BluePortal" type="MeshInstance3D" parent="BlueSide" node_paths=PackedStringArray("player_cam", "target_portal")]
transform = Transform3D(0.99999994, 0, 0, 0, -4.3711392e-08, -1.0000001, 0, 1.0000001, -4.3711392e-08, 5, 2, -4)
layers = 2
mesh = SubResource("PlaneMesh_d71dv")
skeleton = NodePath("../..")
script = ExtResource("3_la1tx")
player_cam = NodePath("../../Player/CameraPivot/PlayerCamera")
target_portal = NodePath("../../RedSide/RedPortal")

[node name="BluePortalViewport" type="SubViewport" parent="BlueSide/BluePortal"]
size = Vector2i(1920, 1080)

[node name="BluePortalCamera" type="Camera3D" parent="BlueSide/BluePortal/BluePortalViewport"]
cull_mask = 1048573

[node name="PortalBorder" type="CSGCombiner3D" parent="BlueSide/BluePortal"]

[node name="Outer" type="CSGBox3D" parent="BlueSide/BluePortal/PortalBorder"]
size = Vector3(6, 0.2, 4)
material = SubResource("StandardMaterial3D_6hmyl")

[node name="Inner" type="CSGBox3D" parent="BlueSide/BluePortal/PortalBorder"]
operation = 2
size = Vector3(5.6, 0.2, 3.6)
material = SubResource("StandardMaterial3D_a5wd7")

[node name="Player" type="CharacterBody3D" parent="." node_paths=PackedStringArray("pivot", "cam")]
transform = Transform3D(1, 0, 0, 0, 1, 0, 0, 0, 1, 0, 0.5, 0)
script = ExtResource("5_oaunt")
pivot = NodePath("CameraPivot")
cam = NodePath("CameraPivot/PlayerCamera")

[node name="PlayerCollision" type="CollisionShape3D" parent="Player"]
shape = SubResource("CapsuleShape3D_qcswp")

[node name="CameraPivot" type="Node3D" parent="Player"]

[node name="PlayerCamera" type="Camera3D" parent="Player/CameraPivot"]
current = true

[node name="Marker3D" type="Marker3D" parent="."]
transform = Transform3D(1, 0, 0, 0, 1, 0, 0, 0, 1, 5, 2, -4)
