[gd_scene load_steps=11 format=3 uid="uid://bxgbtmkdlq7jq"]

[ext_resource type="Environment" uid="uid://bca118dnwb0ym" path="res://assets/other/world_environment.tres" id="1_6hmyl"]
[ext_resource type="Texture2D" uid="uid://m2x0bgmgtgq8" path="res://assets/textures/ground_texture.png" id="2_o8bpm"]
[ext_resource type="PackedScene" uid="uid://c75xfety2hsuj" path="res://scenes/portal.tscn" id="4_tirg1"]
[ext_resource type="PackedScene" uid="uid://bf5teot34fgo2" path="res://scenes/player.tscn" id="4_tj8yr"]

[sub_resource type="StandardMaterial3D" id="StandardMaterial3D_d71dv"]
albedo_color = Color(1, 0, 0.1882353, 1)
albedo_texture = ExtResource("2_o8bpm")
uv1_triplanar = true

[sub_resource type="PlaneMesh" id="PlaneMesh_440fv"]
material = SubResource("StandardMaterial3D_d71dv")
size = Vector2(10, 20)

[sub_resource type="StandardMaterial3D" id="StandardMaterial3D_vgspm"]
albedo_color = Color(0, 0, 0, 1)

[sub_resource type="BoxMesh" id="BoxMesh_vgspm"]
material = SubResource("StandardMaterial3D_vgspm")

[sub_resource type="StandardMaterial3D" id="StandardMaterial3D_ytrao"]
albedo_color = Color(0, 0, 0.8980392, 1)
albedo_texture = ExtResource("2_o8bpm")
uv1_triplanar = true

[sub_resource type="PlaneMesh" id="PlaneMesh_atsf6"]
material = SubResource("StandardMaterial3D_ytrao")
size = Vector2(10, 20)

[node name="PortalPlayground" type="Node3D"]

[node name="WorldEnvironment" type="WorldEnvironment" parent="."]
environment = ExtResource("1_6hmyl")

[node name="SunLight" type="DirectionalLight3D" parent="."]
transform = Transform3D(-0.8660254, -0.43301278, 0.25, 0, 0.49999997, 0.86602545, -0.50000006, 0.75, -0.43301266, 0, 0, 0)
shadow_enabled = true

[node name="PortalManager" type="Node3D" parent="."]

[node name="RedSide" type="Node3D" parent="."]

[node name="RedGround" type="MeshInstance3D" parent="RedSide"]
transform = Transform3D(1, 0, 0, 0, 1, 0, 0, 0, 1, -6, 0, 0)
mesh = SubResource("PlaneMesh_440fv")
skeleton = NodePath("../..")

[node name="RedBlocks" type="Node3D" parent="RedSide"]

[node name="Block" type="MeshInstance3D" parent="RedSide/RedBlocks"]
transform = Transform3D(0.75973684, 0, -0.6502307, 0, 1, 0, 0.6502307, 0, 0.75973684, -8.4520445, 0.5, 1.1466627)
layers = 2
mesh = SubResource("BoxMesh_vgspm")

[node name="Block2" type="MeshInstance3D" parent="RedSide/RedBlocks"]
transform = Transform3D(0.93524647, 0, -0.3539972, 0, 1, 0, 0.3539972, 0, 0.93524647, -3.9143963, 0.5, 7.0335207)
layers = 2
mesh = SubResource("BoxMesh_vgspm")

[node name="Block3" type="MeshInstance3D" parent="RedSide/RedBlocks"]
transform = Transform3D(0.93524647, 0, -0.3539972, 0, 1, 0, 0.3539972, 0, 0.93524647, -2.6713467, 0.5, 4.506667)
layers = 2
mesh = SubResource("BoxMesh_vgspm")

[node name="Block4" type="MeshInstance3D" parent="RedSide/RedBlocks"]
transform = Transform3D(0.93524647, 0, -0.3539972, 0, 1, 0, 0.3539972, 0, 0.93524647, -3.7553704, 0.5, -7.533536)
layers = 4
mesh = SubResource("BoxMesh_vgspm")

[node name="BlueSide" type="Node3D" parent="."]

[node name="BlueGround" type="MeshInstance3D" parent="BlueSide"]
transform = Transform3D(1, 0, 0, 0, 1, 0, 0, 0, 1, 6, 0, 0)
mesh = SubResource("PlaneMesh_atsf6")
skeleton = NodePath("../..")

[node name="BlueBlocks" type="Node3D" parent="BlueSide"]

[node name="Block" type="MeshInstance3D" parent="BlueSide/BlueBlocks"]
transform = Transform3D(0.75973684, 0, -0.6502307, 0, 1, 0, 0.6502307, 0, 0.75973684, 3.3590393, 0.5, 1.1466627)
layers = 2
mesh = SubResource("BoxMesh_vgspm")

[node name="Block2" type="MeshInstance3D" parent="BlueSide/BlueBlocks"]
transform = Transform3D(0.93524647, 0, -0.3539972, 0, 1, 0, 0.3539972, 0, 0.93524647, 4.0459037, 0.5, 2.915125)
layers = 2
mesh = SubResource("BoxMesh_vgspm")

[node name="Block3" type="MeshInstance3D" parent="BlueSide/BlueBlocks"]
transform = Transform3D(0.93524647, 0, -0.3539972, 0, 1, 0, 0.3539972, 0, 0.93524647, 6.2415814, 0.5, -1.9254112)
layers = 2
mesh = SubResource("BoxMesh_vgspm")

[node name="Block4" type="MeshInstance3D" parent="BlueSide/BlueBlocks"]
transform = Transform3D(0.93524647, 0, -0.3539972, 0, 1, 0, 0.3539972, 0, 0.93524647, 3.476845, 0.5, -7.533536)
layers = 4
mesh = SubResource("BoxMesh_vgspm")

[node name="Block5" type="MeshInstance3D" parent="BlueSide/BlueBlocks"]
transform = Transform3D(0.93524647, 0, -0.3539972, 0, 1, 0, 0.3539972, 0, 0.93524647, 3.346, 1.5, -7.778)
layers = 4
mesh = SubResource("BoxMesh_vgspm")

[node name="Player" parent="." instance=ExtResource("4_tj8yr")]
transform = Transform3D(1, 0, 0, 0, 1, 0, 0, 0, 1, 0, 0.5, 0)

[node name="Portal" parent="." node_paths=PackedStringArray("player_cam", "target_portal") instance=ExtResource("4_tirg1")]
transform = Transform3D(1, 0, 0, 0, 1.0000001, 0, 0, 0, 1.0000001, 4.587, 1.8, 0)
player_cam = NodePath("../Player/CameraPivot/PlayerCamera")
target_portal = NodePath("../Portal2")

[node name="Portal2" parent="." node_paths=PackedStringArray("player_cam", "target_portal") instance=ExtResource("4_tirg1")]
transform = Transform3D(1, 0, 0, 0, 1.0000001, 0, 0, 0, 1.0000001, -4.755398, 1.8, 0)
player_cam = NodePath("../Player/CameraPivot/PlayerCamera")
target_portal = NodePath("../Portal")

[editable path="Player"]
